2
3
12
13
29
30
31
32
33
34
64
77
288
289
229
230
365
335
389
390
429
430
567
568
480
481
482
602
627
678
679
717
763
764
775
1294
1295
1296
1297
1270
1271
1272
975
886
887
819
820
801
1870
1871
1872
1873
1846
1847
1848
1555
1470
1471
1403
1404
1385
1998
2162
2216
2257
2258
2314
2315
2371
2372
2424
2425
2560
2531
2614
2615
2639
2640
2848
2849
2771
2772
2773
2730
2731
2937
3135
3224
3256
3116
3082
2990
2968
3339
3303
3422
3386
3492
3461
3562
3531
3581
3630
4316
4317
4714
4732
4777
4757
4803
4846
4821
4866
4899
4900
5006
4968
5169
5130
5099
5253
5254
5324
5333
5426
5427
5367
5368
5574
5684
5736
5759
5786
5893
5996
5997
5929
5930
5931
6153
6154
6155
6096
6097
6078
6530
6531
6541
6542
6515
6516
6503
6504
6446
6447
6448
6449
6450
6451
6422
6423
6383
6379
6356
6342
6325
6287
6288
6249
6238
